v -13.1375 -104.696 -3.12519
v -0 -109.507 4.29983
v -0 -98.4688 4.49035
v -13.3676 -95.9245 -2.12977
v -13.2638 -122.973 -5.83746
v -0 -126.639 -1.46615
v -29.6166 -119.429 -14.8166
v -32.2882 -97.4273 -15.3304
v -0 -96.2767 -122.076
v -40.7354 -94.6465 -117.393
v -32.2347 -76.837 -109.726
v -0 -77.2426 -112.432
v -52.2417 -79.2196 -89.176
v -64.8354 -98.6015 -93.877
v -47.1757 -62.7694 -89.3312
v -27.0317 -60.8845 -108.193
v -59.869 -52.3495 -51.6024
v -54.8844 -46.9378 -72.2977
v -55.1049 -64.4926 -69.6839
v -58.7301 -68.4358 -48.4406
v -50.8705 -65.8338 -27.7861
v -49.6739 -74.8889 -27.6405
v -40.9388 -73.4493 -15.1056
v -33.5127 -84.6719 -14.1915
v -48.3263 -88.3443 -26.9073
v -58.4754 -83.6487 -44.9192
v -58.0301 -81.66 -69.9268
v -52.2417 -79.2196 -89.176
v -47.1757 -62.7694 -89.3312
v -43.7302 -45.2092 -93.0785
v -64.8354 -98.6015 -93.877
v -68.0625 -101.389 -73.489
v -62.4421 -106.46 -58.7213
v -57.3879 -108.541 -40.6506
v -45.842 -112.901 -25.3928
v -0 -60.7742 -108.569
v -43.7302 -45.2092 -93.0785
v -23.8795 -43.9654 -109.627
v -0 -43.5437 -107.627
v -30.6002 -81.4513 -6.64665
v -13.7915 -88.9919 2.94156
v -0 -93.3225 7.70568
v 13.1375 -104.696 -3.12519
v 13.3676 -95.9245 -2.12977
v 13.2638 -122.973 -5.83746
v 29.6166 -119.429 -14.8166
v 32.2882 -97.4273 -15.3304
v 32.2347 -76.837 -109.726
v 40.7354 -94.6465 -117.393
v 52.2417 -79.2196 -89.176
v 64.8354 -98.6015 -93.877
v 27.0317 -60.8845 -108.193
v 47.1757 -62.7694 -89.3312
v 59.869 -52.3495 -51.6024
v 58.7301 -68.4358 -48.4406
v 55.1049 -64.4926 -69.6839
v 54.8844 -46.9378 -72.2977
v 50.8705 -65.8338 -27.7861
v 49.6739 -74.8889 -27.6405
v 40.9388 -73.4493 -15.1056
v 33.5127 -84.6719 -14.1915
v 48.3263 -88.3443 -26.9073
v 58.4754 -83.6487 -44.9192
v 58.0301 -81.66 -69.9268
v 52.2417 -79.2196 -89.176
v 47.1757 -62.7694 -89.3312
v 43.7302 -45.2092 -93.0785
v 68.0625 -101.389 -73.489
v 64.8354 -98.6015 -93.877
v 62.4421 -106.46 -58.7213
v 45.842 -112.901 -25.3928
v 57.3879 -108.541 -40.6506
v 23.8795 -43.9654 -109.627
v 43.7302 -45.2092 -93.0785
v 30.6002 -81.4513 -6.64665
v 13.7915 -88.9919 2.94156
v -4.22682 10.5486 47.089
v -4.23217 2.18699 49.4587
v -0 2.93945 49.9742
v -0 11.5483 47.441
v -6.25085 7.68646 46.0334
v -6.82884 -0.454632 48.2957
v -0 18.5216 49.3053
v -4.35419 17.7242 48.4026
v -5.98433 14.4339 46.6022
v -7.47105 11.849 44.2475
v -9.06159 5.11869 45.0607
v -8.80149 15.804 44.4635
v -7.71402 18.0945 46.8132
v -10.3792 14.9199 42.7974
v -9.11831 10.0455 42.5807
v -5.15802 22.2229 49.1926
v -12.0896 21.5925 47.7758
v -11.5758 23.9686 49.3748
v -14.3866 20.1582 45.6508
v -20.752 24.431 47.9062
v -21.3995 23.3617 45.7211
v -5.63754 28.0798 50.6356
v -11.8477 28.675 50.5789
v -20.0862 26.9699 49.0718
v -29.9002 29.6008 47.2578
v -29.622 27.2589 46.0137
v -38.9608 29.5259 42.6031
v -38.949 32.2606 43.3618
v -38.2201 26.317 42.4168
v -29.0268 25.2755 44.8489
v -19.8047 30.5427 49.4388
v -6.05925 37.9677 49.6163
v -11.7268 38.2974 49.4652
v -19.9663 38.8925 48.4322
v -29.4539 33.0174 47.1067
v -38.6942 34.2547 43.134
v -9.06587 53.8571 54.0775
v -0 54.0883 54.7722
v -0 73.7881 51.2208
v -10.2165 73.2272 50.2906
v -0 37.8404 49.8617
v -0 22.5868 49.4868
v -0 28.675 50.6996
v -15.108 113.142 17.1012
v -0 114.442 18.8298
v -0 126.018 -4.8431
v -17.1438 124.191 -5.75076
v -48.3552 98.8771 7.65216
v -60.4298 84.757 -0.847486
v -53.9542 73.3717 16.1754
v -44.0781 83.9179 24.6343
v -32.0334 109.146 13.0125
v -27.7831 91.8106 33.1693
v -11.8477 95.1705 38.5007
v -0 95.8705 39.6803
v -55.0117 49.3927 20.1592
v -48.0095 59.1072 28.6995
v -61.1181 58.6212 8.30615
v -39.2027 65.6352 36.4649
v -25.9271 71.0351 44.1607
v -50.6169 40.1416 26.9026
v -44.6432 45.9986 34.1465
v -50.6982 33.8683 31.9466
v -44.8862 38.1411 36.7068
v -37.2439 49.4098 42.1613
v -46.0433 32.6652 38.4129
v -45.9384 29.589 38.6544
v -45.3315 34.944 38.0068
v -51.0097 31.3069 33.4281
v -50.9754 28.7916 34.1796
v -55.3928 26.287 23.6635
v -54.5365 23.0845 28.0339
v -57.3826 30.5609 17.6268
v -60.615 34.9493 10.6716
v -60.4587 20.4536 12.898
v -64.4651 23.1541 5.19464
v -57.6587 19.1007 19.5983
v -55.6871 17.6022 24.5198
v -65.5761 40.8812 1.37884
v -69.9517 28.4909 -8.05737
v -65.9978 13.9191 3.70899
v -61.893 12.1498 12.1048
v -58.1618 11.9935 18.0603
v -55.4334 12.1616 23.3681
v -53.4094 15.6884 28.3672
v -52.6976 12.2772 27.9483
v -51.3865 14.8621 30.1589
v -52.6645 18.7357 30.4875
v -50.6693 12.867 29.9255
v -49.0959 13.781 31.8051
v -49.8826 14.8846 32.1337
v -65.2346 2.03715 6.21897
v -62.0536 -3.75131 15.7879
v -57.4982 3.52921 23.1829
v -54.3642 6.29821 26.9369
v -50.9572 8.67546 29.1739
v -48.3959 10.2478 31.0791
v -57.4521 -10.5395 23.108
v -54.711 -1.67483 28.1945
v -51.7793 2.28011 30.358
v -45.3893 4.454 34.4386
v -44.4303 7.27009 35.6914
v -47.5642 11.514 32.7981
v -44.0321 9.18388 36.4254
v -46.8353 13.1677 34.1844
v -48.0844 -0.824971 33.4928
v -49.2811 -6.32979 32.966
v -51.1028 -15.7489 29.5545
v -62.639 -12.6727 8.1852
v -58.3587 -19.2928 17.0948
v -38.5562 -10.106 36.8187
v -38.7574 -3.08555 37.6006
v -42.8333 -18.6517 33.6271
v -29.8178 -19.5946 38.6208
v -33.913 -27.2209 37.0306
v -27.7424 -7.30166 39.3076
v -24.4404 -13.7655 40.1958
v -28.269 -2.98173 39.246
v -20.3356 -3.46124 41.3973
v -21.4691 0.435901 40.3693
v -12.3743 1.94403 42.7878
v -14.8832 4.59314 41.0257
v -17.0047 6.81305 40.3861
v -23.0307 4.56959 40.0975
v -11.8135 9.40972 41.1984
v -13.9691 10.2136 40.598
v -16.3646 10.647 40.6068
v -19.5896 9.22455 40.6667
v -13.7722 12.5373 40.8266
v -15.6764 12.5951 40.6203
v -11.883 13.3647 41.4534
v -10.1715 -3.58862 46.8023
v -15.7727 18.3257 43.6904
v -16.6643 17.0306 42.3297
v -19.4868 13.4053 39.1077
v -19.8336 14.145 39.8248
v -25.9093 18.7899 38.8468
v -18.2088 12.8787 39.864
v -18.3522 13.7339 40.6723
v -16.8901 12.6293 40.5028
v -17.3814 14.0989 40.801
v -16.4224 15.1051 41.2543
v -21.8095 20.4932 42.8789
v -24.8739 21.2564 41.9931
v -22.3307 19.3661 42.157
v -18.6359 16.7063 41.6989
v -19.4504 16.2268 41.3623
v -20.1964 15.9378 41.1808
v -21.6318 15.7408 40.4077
v -22.989 18.4585 41.9331
v -25.4765 20.459 41.8332
v -27.9212 21.5175 41.6949
v -21.6607 21.9275 43.9966
v -27.7542 23.0321 42.4552
v -28.1524 23.853 43.6512
v -27.7028 22.4423 41.8068
v -35.983 22.6971 41.9331
v -37.3188 24.0789 42.3816
v -35.9541 21.997 41.7252
v -35.7401 21.0894 41.7692
v -42.4062 20.6377 39.2852
v -42.9104 21.3324 39.2036
v -47.6863 18.6843 35.4412
v -47.0676 17.5851 35.5531
v -48.2814 14.648 32.7461
v -46.4414 16.5564 35.761
v -41.9032 19.5748 39.5442
v -46.5239 15.0986 34.1844
v -45.5049 16.1337 35.5228
v -40.7996 19.0365 37.2041
v -35.1503 20.6612 39.1813
v -43.9047 14.5902 34.3955
v -45.3604 14.1621 34.8712
v -43.742 11.5718 36.8059
v -40.8587 13.0673 37.2069
v -36.5386 10.9296 40.5764
v -36.1843 12.1562 39.8816
v -36.5383 13.9464 37.7011
v -30.3915 12.2772 41.0992
v -31.863 14.2132 39.3621
v -23.6349 13.9987 40.138
v -25.286 13.3818 40.9865
v -24.5506 12.7171 41.2631
v -21.2036 12.5148 40.3693
v -19.3016 12.0513 40.2262
v -20.1622 12.4859 39.4963
v -21.0131 11.8608 40.8578
v -30.1304 11.3053 41.479
v -24.51 10.3516 41.2503
v -20.4052 10.358 40.9401
v -17.7625 11.2946 40.6627
v -29.7729 8.61124 41.4878
v -24.3366 8.22377 40.6587
v -36.4797 8.35649 40.59
v -29.2527 6.39668 40.6203
v -36.6178 5.86472 39.3811
v -28.6629 2.42997 39.6657
v -37.2653 1.6957 38.1227
v -88.2536 13.2137 -54.7182
v -87.4722 10.9767 -48.5327
v -86.8011 18.36 -48.2843
v -87.9111 18.9209 -52.7713
v -81.7823 9.58312 -43.9013
v -82.7263 18.7646 -38.0668
v -72.3396 -12.2274 -32.8456
v -70.3349 -8.57859 -31.5441
v -70.6806 -5.5313 -40.0384
v -77.3531 -8.62568 -40.4729
v -76.4112 2.25122 -43.4902
v -82.6621 -1.69838 -45.9253
v -87.0805 5.09621 -48.5155
v -86.8536 4.3962 -53.9733
v -89.4738 12.5437 -57.2335
v -88.1262 3.48854 -56.7947
v -83.147 -3.94718 -50.2324
v -78.2501 -11.6377 -44.2641
v -75.1686 -16.4714 -36.6443
v -71.9126 -19.0509 -30.9436
v -68.755 -19.6578 -25.4431
v -70.808 -9.49802 -24.4787
v -79.6437 -14.5062 -46.8158
v -77.4473 -21.121 -39.7494
v -84.2569 -5.23696 -53.9968
v -87.7741 3.3494 -59.4781
v -86.9114 13.1966 -60.709
v -86.252 2.99083 -60.7732
v -88.8723 13.0403 -59.6172
v -82.0145 -7.22031 -55.5756
v -78.3432 -17.1714 -49.024
v -71.052 -27.5045 -37.3036
v -75.0465 -23.937 -34.829
v -70.3349 -25.8209 -30.4341
v -72.4092 -26.0638 -32.7418
v -70.2878 -27.6597 -32.5106
v -67.1484 -29.6666 -31.7121
v -71.052 -27.5045 -37.3036
v -65.0431 -35.7719 -37.8752
v -65.5804 -34.1824 -30.1633
v -67.8013 -26.5037 -28.4219
v -65.9111 -31.0249 -24.3631
v -64.0433 -43.1156 -27.5377
v -60.828 -47.8455 -35.2218
v -61.6147 -50.6958 -22.5017
v -54.681 -62.0811 -23.5539
v -59.1112 -56.0797 -18.0544
v -53.3163 -63.6021 -8.98857
v -47.835 -68.546 -13.5162
v -55.5726 -55.2758 -2.00347
v -60.7873 -48.2105 -11.9203
v -63.125 -43.7289 -18.0362
v -51.4839 -24.3234 26.6475
v -44.7942 -28.7708 30.5747
v -51.0964 -35.3159 20.6462
v -44.898 -39.4732 27.4558
v -57.9199 -30.1868 9.96519
v -57.3761 -43.4517 3.27122
v -50.0742 -49.025 14.2156
v -61.4702 -38.0047 -6.03976
v -62.1467 -24.8094 0.083719
v -64.1129 -31.1352 -13.3931
v -64.8129 -37.843 -21.4143
v -35.8032 -35.1244 35.7218
v -65.2571 -18.201 -9.76779
v -66.8873 -0.88277 -1.32701
v -67.9929 -3.68709 -8.32388
v -66.35 -23.6705 -20.4488
v -68.1032 -13.0366 -18.7898
v -70.8369 1.609 -19.523
v -76.2143 25.9927 -32.9387
v -77.6657 16.7009 -29.596
v -75.6534 17.1569 -28.0986
v -73.6829 19.3897 -23.5132
v -72.9487 3.67906 -26.4503
v -72.9701 -4.84414 -28.2891
v -74.1046 34.29 -28.1853
v -70.4911 17.3999 -9.31182
v -70.0619 46.5594 -11.0929
v -74.5906 50.1847 -27.6244
v -67.5016 66.9539 -7.27708
v -72.5248 73.1052 -24.3449
v -65.5996 92.8746 -18.3038
v -50.9348 109.498 -12.6716
v -33.6807 119.473 -7.93
v -17.1438 124.191 -5.75076
v -0 126.018 -4.8431
v -0 131.557 -32.2098
v -18.0172 130.008 -32.7632
v -0 130.06 -60.8481
v -18.5492 129.094 -60.1599
v -33.6807 119.473 -7.93
v -35.5078 125.399 -34.205
v -26.291 80.877 -123.377
v -0 82.4269 -126.47
v -0 55.7762 -134.999
v -28.3728 54.5624 -130.061
v -24.0422 102.768 -108.239
v -0 104.925 -110.985
v -0 122.017 -87.3885
v -24.5335 121.733 -82.3579
v -33.6518 125.388 -60.3857
v -66.2472 77.7077 -91.0609
v -68.9402 53.6548 -95.2299
v -76.4573 53.0822 -69.7481
v -73.8552 76.9852 -67.7465
v -49.3571 78.6336 -110.812
v -52.2941 53.8389 -117.185
v -45.3775 98.495 -100.011
v -58.7633 97.2405 -85.7348
v -46.1064 110.99 -83.1392
v -50.878 114.627 -61.9763
v -52.8025 114.581 -37.4717
v -67.7553 97.2577 -40.854
v -65.6671 97.7436 -64.7463
v -75.3944 76.1932 -44.2138
v -50.9348 109.498 -12.6716
v -65.5996 92.8746 -18.3038
v -72.5248 73.1052 -24.3449
v -76.3877 52.6487 -46.4904
v -74.5906 50.1847 -27.6244
v -68.0914 30.2366 -93.2808
v -75.358 29.9883 -67.9959
v -75.358 36.0539 -46.6767
v -74.1046 34.29 -28.1853
v -72.8031 13.0114 -72.5749
v -65.1062 10.236 -90.1415
v -68.877 -2.94748 -71.1064
v -61.3321 -7.45151 -84.4922
v -65.7024 -14.6914 -67.9435
v -58.5385 -25.7459 -74.1761
v -76.8576 18.2797 -58.9814
v -73.1617 0.082686 -61.3683
v -76.7473 0.077334 -57.3556
v -79.3772 16.7876 -54.0707
v -68.4725 -15.2629 -59.4492
v -64.7027 -30.8868 -54.7717
v -44.5854 -27.8042 -96.5882
v -47.4829 -10.4292 -102.659
v -76.5568 27.322 -45.0979
v -82.6503 3.62769 -59.7093
v -84.1413 15.1457 -58.9226
v -79.3772 -6.19064 -56.1129
v -71.4266 -15.0606 -52.8622
v -75.4062 -16.7785 -49.9894
v -68.664 -25.2718 -46.301
v -72.086 -26.1281 -42.9979
v -82.0145 -7.22031 -55.5756
v -78.3432 -17.1714 -49.024
v -86.252 2.99083 -60.7732
v -86.9114 13.1966 -60.709
v -65.0431 -35.7719 -37.8752
v -71.052 -27.5045 -37.3036
v -72.0164 -4.71676 -30.6482
v -72.5077 -1.39226 -30.7745
v -69.2752 -2.23034 -35.6735
v -73.3297 -1.75082 -28.3822
v -72.8213 3.51744 -30.8216
v -72.2775 2.887 -36.8412
v -75.3184 6.6343 -37.9448
v -76.5675 10.6984 -32.5513
v -81.5757 21.4308 -33.5285
v -87.0109 29.2936 -49.3879
v -88.548 26.5653 -48.9662
v -87.2871 27.1893 -43.6529
v -85.3208 30.3811 -43.8199
v -85.6976 24.6226 -44.7629
v -86.8707 23.9515 -49.0764
v -83.9636 23.8188 -41.1194
v -84.806 26.1714 -38.2177
v -80.1874 24.4139 -32.0075
v -82.5518 29.1384 -37.355
v -80.713 29.3461 -38.6565
v -82.7081 30.5952 -43.6936
v -84.5534 29.5312 -48.8163
v -85.7436 26.4379 -53.6736
v -87.6114 26.3052 -53.6896
v -88.2365 20.551 -57.241
v -86.4094 20.8753 -57.7612
v -89.0403 23.761 -52.4063
v -88.0042 21.6385 -51.5104
v -89.3229 19.5106 -55.0886
v -11.9451 -89.8064 17.5229
v -13.7915 -88.9919 2.94156
v -0 -93.3225 7.70568
v -0 -92.0681 20.4429
v -24.0947 -80.4804 38.1935
v -23.157 -86.0548 33.6895
v -16.3817 -88.7254 39.7092
v -16.705 -83.6894 41.2486
v -14.5996 -91.9749 32.7241
v -19.9706 -89.7957 28.4855
v -8.84002 -92.9062 34.3895
v -8.99201 -90.6103 39.8261
v -22.0353 -69.0202 38.5928
v -27.9404 -65.2676 34.4226
v -31.1322 -75.5772 29.1448
v -29.8756 -81.7124 24.948
v -26.7609 -84.9609 18.7656
v -20.844 -86.7249 12.2793
v -27.615 -82.7293 6.81408
v -32.7506 -80.474 10.023
v -37.047 -76.8605 -0.361549
v -30.6002 -81.4513 -6.64665
v -40.9388 -73.4493 -15.1056
v -44.1059 -71.3161 4.96987
v -36.6252 -77.0864 15.8981
v -38.676 -68.5225 21.3045
v -59.869 -52.3495 -51.6024
v -50.8705 -65.8338 -27.7861
v -47.9913 -62.0929 8.84989
v -43.423 -52.6331 23.154
v -36.3759 -44.0928 33.8558
v -35.1503 -52.1536 32.2976
v -32.1373 -60.116 32.1457
v -27.0253 -53.0442 37.7949
v -28.2744 -49.5227 37.994
v -24.2338 -56.2766 38.624
v -22.8862 -51.9342 40.4205
v -24.3087 -50.4186 39.557
v -19.5896 -59.0167 40.8578
v -18.6947 -54.7781 42.4837
v -14.2528 -60.7057 43.2803
v -14.1318 -56.7968 43.918
v -15.5704 -72.455 40.5305
v -7.70866 -60.9765 45.1503
v -7.72579 -65.0535 44.4507
v -8.55745 -73.9749 44.7466
v -0 -74.236 45.9143
v -0 -64.8394 45.4533
v -0 -85.586 46.3767
v -9.15257 -85.1054 45.134
v -0 -91.2289 40.5893
v -0 -93.3514 34.8755
v -0 -61.272 44.1921
v -7.81677 -57.8543 45.2226
v -0 -58.3349 45.7291
v -18.1146 -52.7316 42.8875
v -13.9927 -54.9173 44.4351
v -0 -57.1961 46.9034
v -7.95056 -56.7273 46.0778
v -13.7155 -52.2521 44.6685
v -17.7164 -51.246 42.9717
v -17.0218 -49.4767 43.0093
v -13.2691 -49.5805 44.5162
v -7.73757 -52.9457 46.435
v -0 -53.2582 47.2531
v -0 -50.0772 46.9495
v -7.25056 -49.7593 46.173
v -15.8812 -48.0017 42.7568
v -11.9216 -47.5276 44.2375
v -20.22 -48.7017 41.0425
v -19.733 -48.1334 41.3529
v -21.1052 -49.7999 41.0904
v -0.096807 -47.3773 46.2063
v -6.47027 -47.1194 45.7902
v -0 -44.7404 47.8613
v -3.05906 -44.2437 47.8398
v -0 -42.3642 48.7336
v -3.16931 -41.7573 48.5166
v -6.26262 -43.6711 47.3258
v -12.0318 -44.6655 45.932
v -16.173 -45.7872 44.159
v -6.79994 -40.398 48.1699
v -0 -39.3405 48.9961
v -2.69942 -38.542 48.8979
v -7.04933 -36.2868 48.6138
v -12.8656 -42.3011 46.443
v -17.1267 -43.9719 44.4516
v -20.4052 -45.3302 42.638
v -21.6354 -48.0656 40.7746
v -22.9323 -46.2153 40.9785
v -22.1573 -47.99 39.6473
v -23.7639 -47.1176 39.868
v -21.0527 -43.8681 42.6085
v -24.1182 -45.2552 40.7099
v -17.5366 -41.7627 44.5468
v -27.4994 -38.7389 39.8296
v -26.5929 -31.0656 40.1614
v -21.4744 -37.9694 42.3349
v -20.8215 -32.1413 42.3244
v -25.1404 -43.4453 40.5716
v -22.6829 -48.1462 39.4451
v -23.9555 -48.204 39.0046
v -25.3962 -46.9089 39.4451
v -27.4181 -46.4583 38.987
v -25.4251 -48.5401 38.9958
v -23.3251 -49.3836 39.816
v -28.8181 -45.8396 38.4729
v -21.8962 -50.7076 40.9521
v -23.5862 -24.5257 40.9912
v -18.9473 -28.0825 43.0035
v -15.3981 -31.5398 43.5736
v -13.0508 -27.8331 45.2422
v -16.9062 -24.6189 43.3585
v -10.4081 -32.4132 46.2081
v -8.92672 -29.5157 46.8377
v -5.79274 -34.5582 48.2456
v -4.71918 -32.7364 48.1544
v -3.85754 -30.2222 48.2146
v -8.10684 -27.7357 47.3684
v -16.7863 -36.8765 44.3599
v -11.8135 -36.0962 46.4651
v -0 -36.2183 48.5351
v -0 -33.2052 48.2541
v -13.1824 -39.3865 46.8087
v -49.6974 23.2633 35.3069
v -45.1998 25.3333 39.1988
v -44.0321 22.7955 39.3891
v -48.3959 20.0426 35.5228
v -50.8706 16.412 32.0329
v -78.4128 24.75 -44.0747
v -82.9564 22.818 -53.9968
v -84.5534 29.5312 -48.8163
v -80.3769 27.7673 -43.913
v -85.7436 26.4379 -53.6736
v -86.4094 20.8753 -57.7612
v -82.7081 30.5952 -43.6936
v -80.713 29.3461 -38.6565
v -76.2143 25.9927 -32.9387
v -7.03756 -21.1552 49.6093
v -8.20531 -20.9476 49.6228
v -8.59171 -21.5887 49.1646
v -7.5524 -20.6575 50.0432
v -9.47154 -21.1895 49.4674
v -7.68512 -20.6639 50.298
v -6.87486 -20.878 50.2564
v -6.22195 -21.3457 50.1983
v -5.69641 -21.7739 49.9391
v -4.69028 -23.1386 50.1392
v -5.34212 -22.2598 50.5225
v -2.74759 -25.0524 50.3673
v -3.35876 -23.4736 50.9753
v -8.23421 -19.7563 50.5324
v -10.7249 -20.5537 49.3267
v -6.70147 -21.2826 50.6299
v -4.58003 -20.6404 51.5966
v -0 -23.7915 51.1516
v -0 -21.0857 51.9137
v -0 -17.9056 52.3242
v -5.325 -17.3041 51.9632
v -0 -14.7599 52.3744
v -5.325 -14.6507 52.0591
v -8.581 -17.5588 50.7101
v -0 -11.1806 52.0906
v -4.92683 -11.5274 51.8146
v -0 -25.7406 50.5258
v -0 -26.9255 49.8543
v -2.75722 -26.3539 49.7525
v -5.08845 -24.4969 49.5011
v -6.15773 -22.6762 49.4105
v -8.7833 -22.3059 48.8147
v -8.39476 -23.723 48.6784
v -7.87457 -26.006 47.6852
v -10.5697 -22.1442 48.6896
v -10.6339 -23.1439 47.1434
v -12.0971 -21.9537 47.198
v -11.6861 -19.1312 49.1557
v -8.42367 -13.6157 50.5547
v -11.6861 -16.1128 48.8964
v -10.7538 -24.0805 46.6559
v -12.0843 -23.3066 46.276
v -13.5592 -21.2012 46.4131
v -14.2132 -18.5414 45.8471
v -7.3608 -8.67172 50.0407
v -10.8234 -11.6259 47.6548
v -4.06412 -6.57811 51.0701
v -0 -6.20777 51.2937
v -13.6116 -7.82186 44.3651
v -13.5763 -14.2632 45.5651
v -15.2022 -16.3729 44.1004
v -14.9763 -20.9529 44.5447
v -16.9929 -17.5877 43.2026
v -15.427 -21.791 44.0269
v -18.4453 -10.0942 42.4678
v -20.3474 -20.7624 41.8298
v -28.4424 29.2936 -129.835
v -0 29.786 -135.722
v -0 5.92894 -129.888
v -27.2747 6.75525 -124.788
v -25.6895 -12.754 -119.058
v -0 -13.0077 -122.215
v -24.1878 -28.927 -113.079
v -0 -28.9902 -114.444
v -50.2422 8.41429 -109.488
v -52.1946 29.589 -115.057
v -11.2986 -24.9828 45.8143
v -13.5881 -23.3355 44.8878
v -0 -30.4009 45.9583
v -0 -28.3084 49.2923
v -3.04729 -27.7989 49.2763
v -11.8766 -25.6079 45.559
v -14.0965 -23.9017 44.6365
v -38.1163 39.737 41.7636
v -28.5238 51.7517 47.9369
v -29.1424 39.6503 45.4869
v -20.1675 52.6829 51.8223
v -0 -28.9902 -114.444
v -0 -43.5437 -107.627
v -23.8795 -43.9654 -109.627
v -24.1878 -28.927 -113.079
v -44.5854 -27.8042 -96.5882
v -43.7302 -45.2092 -93.0785
v -58.5385 -25.7459 -74.1761
v -54.8844 -46.9378 -72.2977
v -64.7027 -30.8868 -54.7717
v 4.22681 10.5486 47.089
v 4.23217 2.18699 49.4587
v 6.82884 -0.454632 48.2957
v 6.25085 7.68646 46.0334
v 4.35419 17.7242 48.4026
v 5.98433 14.4339 46.6022
v 9.06052 5.11869 45.0607
v 7.47105 11.849 44.3508
v 8.80149 15.804 44.4635
v 7.71402 18.0945 46.8132
v 9.11832 10.0455 42.5807
v 10.3792 14.9199 42.7974
v 5.15802 22.2229 49.1926
v 12.0896 21.5925 47.7758
v 11.5758 23.9686 49.3748
v 14.3866 20.1582 45.6508
v 21.3995 23.3617 45.7211
v 20.752 24.431 47.9062
v 11.8477 28.675 50.5789
v 5.63754 28.0798 50.6356
v 20.0862 26.9699 49.0718
v 29.622 27.2589 46.0137
v 29.9002 29.6008 47.2578
v 38.9608 29.5259 42.6031
v 38.949 32.2606 43.3618
v 29.0268 25.2755 44.8489
v 38.2201 26.317 42.4168
v 19.8047 30.5427 49.4388
v 11.7268 38.2974 49.4652
v 6.05926 37.9677 49.6163
v 19.9663 38.8925 48.4322
v 29.4539 33.0174 47.1067
v 38.6942 34.2547 43.134
v 9.06587 53.8571 54.0775
v 10.2165 73.2272 50.2906
v 15.108 113.142 17.1012
v 17.1438 124.191 -5.75076
v 48.3552 98.8771 7.65216
v 44.0781 83.9179 24.6343
v 53.9542 73.3717 16.1754
v 60.4298 84.757 -0.847486
v 32.0334 109.146 13.0125
v 27.7831 91.8106 33.1693
v 11.8477 95.1705 38.5007
v 55.0117 49.3927 20.1592
v 61.1181 58.6212 8.30615
v 48.0095 59.1072 28.6995
v 39.2027 65.6352 36.4649
v 25.9271 71.0351 44.1607
v 44.6432 45.9986 34.1465
v 50.6169 40.1416 26.9026
v 44.8862 38.1411 36.7068
v 50.6982 33.8683 31.9466
v 37.2439 49.4098 42.1613
v 45.9384 29.589 38.6544
v 46.0433 32.6652 38.4129
v 50.9754 28.7916 34.1796
v 51.0097 31.3069 33.4281
v 45.3315 34.944 38.0068
v 54.5365 23.0845 28.0339
v 55.3928 26.287 23.6635
v 57.3826 30.5609 17.6268
v 60.615 34.9493 10.6716
v 60.4523 20.4536 12.898
v 64.4651 23.1541 5.19464
v 57.6587 19.1007 19.5983
v 55.6871 17.6022 24.5198
v 65.5761 40.8812 1.37884
v 69.9517 28.4909 -8.05737
v 65.9978 13.9191 3.70899
v 61.893 12.1498 12.1048
v 58.1618 11.9935 18.0603
v 55.4334 12.1616 23.3681
v 53.4094 15.6884 28.3672
v 52.6976 12.2772 27.9483
v 52.6645 18.7357 30.4875
v 51.3865 14.8621 30.1589
v 49.8826 14.8846 32.1337
v 49.0959 13.781 31.8051
v 50.6693 12.867 29.9255
v 65.2346 2.03715 6.21897
v 62.0536 -3.75131 15.7879
v 54.3642 6.29821 26.9369
v 57.4982 3.52921 23.1829
v 50.9572 8.67546 29.1739
v 48.3959 10.2478 31.0791
v 54.711 -1.67483 28.1945
v 57.4521 -10.5395 23.108
v 51.7793 2.28011 30.358
v 44.4303 7.27009 35.6914
v 45.3893 4.454 34.4386
v 47.5642 11.514 32.7981
v 46.8353 13.1677 34.1844
v 44.0321 9.18388 36.4254
v 48.0844 -0.824971 33.4928
v 49.2811 -6.32979 32.966
v 51.1028 -15.7489 29.5545
v 62.639 -12.6727 8.1852
v 58.3587 -19.2928 17.0948
v 38.7574 -3.08555 37.6006
v 38.5562 -10.106 36.8187
v 42.8333 -18.6517 33.6271
v 29.8178 -19.5946 38.6208
v 33.913 -27.2209 37.0306
v 27.7424 -7.30166 39.3076
v 24.4404 -13.7655 40.1958
v 28.269 -2.98173 39.246
v 21.4691 0.435901 40.3693
v 20.3356 -3.46124 41.3973
v 12.3743 1.94403 42.7878
v 14.8832 4.59314 41.0257
v 23.0307 4.56959 40.0975
v 17.0047 6.81305 40.3861
v 11.8135 9.40972 41.1984
v 13.9691 10.2136 40.598
v 19.5896 9.22455 40.6667
v 16.3646 10.647 40.6068
v 15.6764 12.5951 40.6203
v 13.7722 12.5373 40.8266
v 11.883 13.3647 41.4534
v 10.1715 -3.58862 46.8023
v 16.6643 17.0306 42.3297
v 15.7727 18.3257 43.6904
v 19.4868 13.4053 39.1077
v 25.9093 18.7899 38.8468
v 19.8336 14.145 39.8248
v 18.2088 12.8787 39.864
v 18.3522 13.7339 40.6723
v 17.3814 14.0989 40.801
v 16.8901 12.6293 40.5028
v 16.4224 15.1051 41.2543
v 21.8095 20.4932 42.8789
v 22.3307 19.3661 42.157
v 24.8739 21.2564 41.9931
v 18.6359 16.7063 41.6989
v 19.4504 16.2268 41.3623
v 20.1964 15.9378 41.1808
v 21.6318 15.7408 40.4077
v 22.989 18.4585 41.9331
v 25.4765 20.459 41.8332
v 27.9212 21.5175 41.6949
v 21.6607 21.9275 43.9966
v 27.7542 23.0321 42.4552
v 28.1524 23.853 43.6512
v 27.7028 22.4423 41.8068
v 35.983 22.6971 41.9331
v 37.3188 24.0789 42.3816
v 35.9541 21.997 41.7252
v 35.7401 21.0894 41.7692
v 42.4062 20.6377 39.2852
v 42.9103 21.3324 39.2036
v 47.0676 17.5851 35.5531
v 47.6863 18.6843 35.4412
v 46.4414 16.5564 35.761
v 48.2814 14.648 32.7461
v 41.9032 19.5748 39.5442
v 45.5049 16.1337 35.5228
v 46.5228 15.0986 34.1844
v 40.7996 19.0365 37.2041
v 35.1503 20.6612 39.1813
v 43.9047 14.5902 34.3955
v 45.3604 14.1621 34.8712
v 43.742 11.5718 36.8059
v 42.3944 12.7342 36.702
v 36.1843 12.1562 39.8816
v 36.5386 10.9296 40.5764
v 35.4021 13.0276 38.9876
v 30.8638 13.1986 39.4791
v 30.3915 12.2772 41.0992
v 24.5506 12.7171 41.2631
v 25.286 13.3818 40.9865
v 22.7834 13.8323 40.6232
v 21.2036 12.5148 40.3693
v 19.3016 12.0513 40.2262
v 21.0131 11.8608 40.8578
v 20.1622 12.4859 39.4963
v 30.1304 11.3053 41.479
v 24.51 10.3516 41.2503
v 20.4052 10.358 40.9401
v 17.7625 11.2946 40.6627
v 29.7729 8.61124 41.4878
v 24.3366 8.22377 40.6587
v 36.4797 8.35649 40.59
v 29.2527 6.39668 40.6203
v 36.6178 5.86472 39.3811
v 28.6629 2.42997 39.6657
v 37.2653 1.6957 38.1227
v 88.2536 13.2137 -54.7182
v 87.9111 18.9209 -52.7713
v 86.8011 18.36 -48.2843
v 87.4722 10.9767 -48.5327
v 82.7263 18.7646 -38.0668
v 81.7823 9.58312 -43.9013
v 72.3396 -12.2274 -32.8456
v 77.3531 -8.62568 -40.4729
v 70.6806 -5.5313 -40.0384
v 70.3349 -8.57859 -31.5441
v 82.6621 -1.69838 -45.9253
v 76.4112 2.25122 -43.4902
v 87.0805 5.09621 -48.5155
v 86.8536 4.3962 -53.9733
v 89.4738 12.5437 -57.2335
v 88.1262 3.48854 -56.7947
v 83.147 -3.94718 -50.2324
v 78.2501 -11.6377 -44.2641
v 75.1686 -16.4714 -36.6443
v 71.9126 -19.0509 -30.9436
v 70.808 -9.49802 -24.4787
v 68.755 -19.6578 -25.4431
v 77.4473 -21.121 -39.7494
v 79.6437 -14.5062 -46.8158
v 84.2569 -5.23696 -53.9968
v 87.7741 3.3494 -59.4781
v 86.9114 13.1966 -60.709
v 88.8723 13.0403 -59.6172
v 86.252 2.99083 -60.7732
v 82.0145 -7.22031 -55.5756
v 78.3432 -17.1714 -49.024
v 71.052 -27.5045 -37.3036
v 75.0465 -23.937 -34.829
v 70.3349 -25.8209 -30.4341
v 72.4092 -26.0638 -32.7418
v 70.2878 -27.6597 -32.5106
v 67.1484 -29.6666 -31.7121
v 65.5804 -34.1824 -30.1633
v 65.0431 -35.7719 -37.8752
v 71.052 -27.5045 -37.3036
v 67.8013 -26.5037 -28.4219
v 65.9111 -31.0249 -24.3631
v 64.0433 -43.1156 -27.5377
v 60.828 -47.8455 -35.2218
v 61.6147 -50.6958 -22.5017
v 54.681 -62.0811 -23.5539
v 59.1112 -56.0797 -18.0544
v 53.3163 -63.6021 -8.98857
v 47.835 -68.546 -13.5162
v 55.5726 -55.2758 -2.00347
v 60.7873 -48.2105 -11.9203
v 63.125 -43.7289 -18.0362
v 44.7942 -28.7708 30.5747
v 51.4839 -24.3234 26.6475
v 44.898 -39.4732 27.4558
v 51.0964 -35.3159 20.6462
v 57.9199 -30.1868 9.96519
v 50.0742 -49.025 14.2156
v 57.3761 -43.4517 3.27122
v 61.4702 -38.0047 -6.03976
v 62.1467 -24.8094 0.083719
v 64.1129 -31.1352 -13.3931
v 64.8129 -37.843 -21.4143
v 35.8032 -35.1244 35.7218
v 65.2571 -18.201 -9.76779
v 67.9929 -3.68709 -8.32388
v 66.8873 -0.88277 -1.32701
v 66.35 -23.6705 -20.4488
v 68.1032 -13.0366 -18.7898
v 70.8369 1.609 -19.523
v 76.2143 25.9927 -32.9387
v 75.6534 17.1569 -28.0986
v 77.6657 16.7009 -29.596
v 73.6829 19.3897 -23.5132
v 72.9487 3.67906 -26.4503
v 72.9701 -4.84414 -28.2891
v 74.1046 34.29 -28.1853
v 70.4911 17.3999 -9.31182
v 74.5906 50.1847 -27.6244
v 70.0619 46.5594 -11.0929
v 72.5248 73.1052 -24.3449
v 67.5016 66.9539 -7.27708
v 65.5996 92.8746 -18.3038
v 50.9348 109.498 -12.6716
v 33.6807 119.473 -7.93
v 17.1438 124.191 -5.75076
v 18.0172 130.008 -32.7632
v 18.5492 129.094 -60.1599
v 33.6807 119.473 -7.93
v 35.5078 125.399 -34.205
v 26.291 80.877 -123.377
v 28.3728 54.5624 -130.061
v 24.0422 102.768 -108.239
v 24.5335 121.733 -82.3579
v 33.6518 125.388 -60.3857
v 66.2472 77.7077 -91.0609
v 73.8552 76.9852 -67.7465
v 76.4573 53.0822 -69.7481
v 68.9402 53.6548 -95.2299
v 52.2941 53.8389 -117.185
v 49.3571 78.6336 -110.812
v 45.3775 98.495 -100.011
v 58.7633 97.2405 -85.7348
v 46.1064 110.99 -83.1392
v 50.878 114.627 -61.9763
v 52.8025 114.581 -37.4717
v 67.7553 97.2577 -40.854
v 65.6671 97.7436 -64.7463
v 75.3944 76.1932 -44.2138
v 50.9348 109.498 -12.6716
v 65.5996 92.8746 -18.3038
v 72.5248 73.1052 -24.3449
v 74.5906 50.1847 -27.6244
v 76.3877 52.6487 -46.4904
v 75.358 29.9883 -67.9959
v 68.0914 30.2366 -93.2808
v 74.1046 34.29 -28.1853
v 75.358 36.0539 -46.6767
v 72.8031 13.0114 -72.5749
v 65.1062 10.236 -90.1415
v 68.877 -2.94748 -71.1064
v 61.3321 -7.45151 -84.4922
v 65.7024 -14.6914 -67.9435
v 58.5385 -25.7459 -74.1761
v 76.8576 18.2797 -58.9814
v 79.3772 16.7876 -54.0707
v 76.7473 0.077334 -57.3556
v 73.1617 0.082686 -61.3683
v 68.4725 -15.2629 -59.4492
v 64.7027 -30.8868 -54.7717
v 44.5854 -27.8042 -96.5882
v 47.4829 -10.4292 -102.659
v 76.5568 27.322 -45.0979
v 84.1413 15.1457 -58.9226
v 82.6503 3.62769 -59.7093
v 79.3772 -6.19064 -56.1129
v 75.4062 -16.7785 -49.9894
v 71.4266 -15.0606 -52.8622
v 68.664 -25.2718 -46.301
v 72.086 -26.1281 -42.9979
v 82.0145 -7.22031 -55.5756
v 78.3432 -17.1714 -49.024
v 86.252 2.99083 -60.7732
v 86.9114 13.1966 -60.709
v 71.052 -27.5045 -37.3036
v 65.0431 -35.7719 -37.8752
v 72.0164 -4.71676 -30.6482
v 69.2752 -2.23034 -35.6735
v 72.5077 -1.39226 -30.7745
v 73.3297 -1.75082 -28.3822
v 72.8213 3.51744 -30.8216
v 72.2775 2.887 -36.8412
v 75.3184 6.6343 -37.9448
v 76.5664 10.6984 -32.5513
v 81.5757 21.4308 -33.5285
v 87.0109 29.2936 -49.3879
v 85.3208 30.3811 -43.8199
v 87.2871 27.1893 -43.6529
v 88.548 26.5653 -48.9662
v 85.6976 24.6226 -44.7629
v 86.8707 23.9515 -49.0764
v 84.806 26.1714 -38.2177
v 83.9636 23.8188 -41.1194
v 82.5518 29.1384 -37.355
v 80.1874 24.4139 -32.0075
v 82.7081 30.5952 -43.6936
v 80.713 29.3461 -38.6565
v 84.5534 29.5312 -48.8163
v 87.6114 26.3052 -53.6896
v 85.7436 26.4379 -53.6736
v 86.4094 20.8753 -57.7612
v 88.2365 20.551 -57.241
v 89.0403 23.761 -52.4063
v 88.0042 21.6385 -51.5104
v 89.3229 19.5106 -55.0886
v 11.9451 -89.8064 17.5229
v 13.7915 -88.9919 2.94156
v 24.0947 -80.4804 38.1935
v 16.705 -83.6894 41.2486
v 16.3817 -88.7254 39.7092
v 23.157 -86.0548 33.6895
v 14.5996 -91.9749 32.7241
v 19.9706 -89.7957 28.4855
v 8.84002 -92.9062 34.3895
v 8.99201 -90.6103 39.8261
v 31.1322 -75.5772 29.1448
v 27.9404 -65.2676 34.4226
v 22.0353 -69.0202 38.5928
v 29.8756 -81.7124 24.948
v 26.7609 -84.9609 18.7656
v 20.844 -86.7249 12.2793
v 27.615 -82.7293 6.81408
v 32.7506 -80.474 10.023
v 37.047 -76.8605 -0.361549
v 30.6002 -81.4513 -6.64665
v 40.9388 -73.4493 -15.1056
v 44.1059 -71.3161 4.96987
v 36.6252 -77.0864 15.8981
v 38.676 -68.5225 21.3045
v 50.8705 -65.8338 -27.7861
v 59.869 -52.3495 -51.6024
v 47.9913 -62.0929 8.84989
v 43.423 -52.6331 23.154
v 36.3759 -44.0928 33.8558
v 35.1503 -52.1536 32.2976
v 32.1373 -60.116 32.1457
v 28.2744 -49.5227 37.994
v 27.0253 -53.0442 37.7949
v 24.2338 -56.2766 38.624
v 24.3087 -50.4186 39.557
v 22.8862 -51.9342 40.4205
v 18.6947 -54.7781 42.4837
v 19.5896 -59.0167 40.8578
v 14.1318 -56.7968 43.918
v 14.2528 -60.7057 42.7086
v 15.5704 -72.455 40.5305
v 7.70867 -60.9765 43.8805
v 7.72579 -65.0535 44.4507
v 8.55745 -73.9749 44.7466
v 9.15257 -85.1054 45.134
v 7.81677 -57.8543 45.2226
v 18.1146 -52.7316 42.8875
v 13.9927 -54.9173 44.4351
v 7.95057 -56.7273 46.0778
v 17.7164 -51.246 42.9717
v 13.7155 -52.2521 44.6685
v 17.0218 -49.4767 43.0093
v 13.2691 -49.5805 44.5162
v 7.73757 -52.9457 46.435
v 7.25056 -49.7593 46.173
v 15.8811 -48.0017 42.7568
v 11.9216 -47.5276 44.2375
v 20.22 -48.7017 41.0425
v 19.733 -48.1334 41.3529
v 21.1052 -49.7999 41.0904
v 6.47027 -47.1194 45.7902
v 3.05906 -44.2437 47.8398
v 3.16931 -41.7573 48.5166
v 6.26262 -43.6711 47.3258
v 12.0318 -44.6655 45.932
v 16.173 -45.7872 44.159
v 6.79994 -40.398 48.1699
v 2.69942 -38.542 48.8979
v 7.04933 -36.2868 48.6138
v 12.8656 -42.3011 46.443
v 17.1267 -43.9719 44.4516
v 20.4052 -45.3302 42.638
v 21.6354 -48.0656 40.7746
v 22.9323 -46.2153 40.9785
v 22.1573 -47.99 39.6473
v 23.7639 -47.1176 39.868
v 24.1182 -45.2552 40.7099
v 21.0527 -43.8681 42.6085
v 17.5366 -41.7627 44.5468
v 26.5929 -31.0656 40.1614
v 27.4994 -38.7389 39.8296
v 20.8215 -32.1413 42.3244
v 21.4744 -37.9694 42.3349
v 25.1404 -43.4453 40.5716
v 22.6829 -48.1462 39.4451
v 23.9555 -48.204 39.0046
v 25.3962 -46.9089 39.4451
v 27.4181 -46.4583 38.987
v 25.4251 -48.5401 38.9958
v 23.3251 -49.3836 39.816
v 28.8181 -45.8396 38.4729
v 21.8962 -50.7076 40.9521
v 23.5862 -24.5257 40.9912
v 18.9474 -28.0825 43.0035
v 15.3981 -31.5398 43.5736
v 16.9062 -24.6189 43.3585
v 13.0508 -27.8331 45.2422
v 8.92672 -29.5157 46.8377
v 10.4081 -32.4132 44.7462
v 5.79274 -34.5582 48.2456
v 4.71918 -32.7364 45.7312
v 8.10684 -27.7357 47.3684
v 3.85754 -30.2222 45.8006
v 16.7863 -36.8765 44.3599
v 11.8135 -36.0962 46.4651
v 13.1824 -39.3865 46.8087
v 49.6974 23.2633 35.3069
v 45.1998 25.3333 39.1988
v 44.0321 22.7955 39.3891
v 48.3959 20.0426 35.5228
v 50.8706 16.412 32.0329
v 84.5534 29.5312 -48.8163
v 82.9564 22.818 -53.9968
v 78.4128 24.75 -44.0747
v 80.3769 27.7673 -43.913
v 85.7436 26.4379 -53.6736
v 86.4094 20.8753 -57.7612
v 82.7081 30.5952 -43.6936
v 80.713 29.3461 -38.6565
v 76.2143 25.9927 -32.9387
v 7.03756 -21.1552 49.6093
v 8.59171 -21.5887 49.1646
v 8.20531 -20.9476 49.6228
v 7.5524 -20.6575 50.0432
v 9.47154 -21.1895 49.4674
v 7.68512 -20.6639 50.298
v 6.87486 -20.878 50.2564
v 6.22195 -21.3457 50.1983
v 5.69641 -21.7739 49.9391
v 5.34212 -22.2598 50.5225
v 4.69028 -23.1386 50.1392
v 3.35876 -23.4736 50.9753
v 2.74759 -25.0524 50.3673
v 10.7249 -20.5537 49.3267
v 8.23421 -19.7563 50.5324
v 6.70147 -21.2826 50.6299
v 4.58003 -20.6404 51.5966
v 5.325 -17.3041 51.9632
v 5.325 -14.6507 52.0591
v 8.581 -17.5588 50.7101
v 4.92682 -11.5274 51.8146
v 2.75723 -26.3539 49.7525
v 5.08845 -24.4969 49.5011
v 6.15773 -22.6762 49.4105
v 8.7833 -22.3059 48.8147
v 7.87457 -26.006 47.6852
v 8.39476 -23.723 48.6784
v 10.5697 -22.1442 48.6896
v 10.6339 -23.1439 47.1434
v 12.0971 -21.9537 47.198
v 11.6861 -19.1312 49.1557
v 11.6861 -16.1128 48.8964
v 8.42366 -13.6157 50.5547
v 10.7538 -24.0805 46.6559
v 12.0843 -23.3066 46.276
v 13.5592 -21.2012 46.4131
v 14.2132 -18.5414 45.8471
v 10.8234 -11.6259 47.6548
v 7.3608 -8.67172 50.0407
v 4.06412 -6.57811 51.0701
v 13.6117 -7.82186 44.3651
v 13.5763 -14.2632 45.5651
v 14.9763 -20.9529 44.5447
v 15.2022 -16.3729 44.1004
v 16.9929 -17.5877 43.2026
v 15.427 -21.791 44.0269
v 18.4454 -10.0942 42.4678
v 20.3474 -20.7624 41.8298
v 28.4424 29.2936 -129.835
v 27.2747 6.75525 -124.788
v 25.6895 -12.754 -119.058
v 24.1878 -28.927 -113.079
v 50.2422 8.41429 -109.488
v 52.1946 29.589 -115.057
v 11.2986 -24.9828 45.8143
v 13.5881 -23.3355 44.8878
v 3.04729 -27.7989 49.2763
v 11.8766 -25.6079 45.559
v 14.0965 -23.9017 44.6365
v 38.1163 39.737 41.7636
v 28.5238 51.7517 47.9369
v 29.1424 39.6503 45.4869
v 20.1675 52.6829 51.8223
v 24.1878 -28.927 -113.079
v 23.8795 -43.9654 -109.627
v 44.5854 -27.8042 -96.5882
v 43.7302 -45.2092 -93.0785
v 58.5385 -25.7459 -74.1761
v 54.8844 -46.9378 -72.2977
v 64.7027 -30.8868 -54.7717
v 25.7453 14.4188 39.848
v 30.8638 13.1986 39.4791
v 35.4021 13.0276 38.9876
v -90.1914 160.884 88.9597
v -90.1914 78.7833 88.9597
v 85.7382 160.884 88.9597
v 85.7382 78.7833 88.9597
f 1 2 3
f 3 4 1
f 2 1 5
f 5 6 2
f 7 5 1
f 1 8 7
f 9 10 11
f 11 12 9
f 13 11 10
f 10 14 13
f 11 13 15
f 15 16 11
f 17 18 19
f 19 20 17
f 21 17 20
f 20 22 21
f 23 21 22
f 22 24 23
f 24 22 25
f 25 8 24
f 26 25 22
f 22 20 26
f 27 26 20
f 20 19 27
f 28 27 19
f 19 29 28
f 29 19 18
f 18 30 29
f 27 28 31
f 31 32 27
f 27 32 33
f 33 26 27
f 25 26 34
f 34 35 25
f 12 11 16
f 16 36 12
f 16 15 37
f 37 38 16
f 36 16 38
f 38 39 36
f 40 24 4
f 4 41 40
f 4 3 42
f 42 41 4
f 4 24 8
f 8 1 4
f 24 40 23
f 8 25 35
f 35 7 8
f 33 34 26
f 43 44 3
f 3 2 43
f 2 6 45
f 45 43 2
f 46 47 43
f 43 45 46
f 9 12 48
f 48 49 9
f 50 51 49
f 49 48 50
f 48 52 53
f 53 50 48
f 54 55 56
f 56 57 54
f 58 59 55
f 55 54 58
f 60 61 59
f 59 58 60
f 61 47 62
f 62 59 61
f 63 55 59
f 59 62 63
f 64 56 55
f 55 63 64
f 65 66 56
f 56 64 65
f 66 67 57
f 57 56 66
f 64 68 69
f 69 65 64
f 64 63 70
f 70 68 64
f 62 71 72
f 72 63 62
f 12 36 52
f 52 48 12
f 52 73 74
f 74 53 52
f 36 39 73
f 73 52 36
f 75 76 44
f 44 61 75
f 44 76 42
f 42 3 44
f 44 43 47
f 47 61 44
f 61 60 75
f 47 46 71
f 71 62 47
f 70 63 72
f 77 78 79
f 79 80 77
f 78 77 81
f 81 82 78
f 80 83 84
f 84 77 80
f 77 84 85
f 85 81 77
f 81 85 86
f 86 87 81
f 88 86 85
f 85 89 88
f 86 88 90
f 90 91 86
f 89 85 84
f 84 92 89
f 93 89 92
f 92 94 93
f 89 93 95
f 95 88 89
f 95 93 96
f 96 97 95
f 94 92 98
f 98 99 94
f 94 100 96
f 96 93 94
f 100 101 102
f 102 96 100
f 103 102 101
f 101 104 103
f 102 103 105
f 105 106 102
f 100 94 99
f 99 107 100
f 108 109 99
f 99 98 108
f 107 99 109
f 109 110 107
f 101 100 107
f 107 111 101
f 104 101 111
f 111 112 104
f 113 114 115
f 115 116 113
f 114 113 108
f 108 117 114
f 118 119 98
f 98 92 118
f 120 121 122
f 122 123 120
f 124 125 126
f 126 127 124
f 128 124 127
f 127 129 128
f 120 128 129
f 129 130 120
f 121 120 130
f 130 131 121
f 132 133 126
f 126 134 132
f 127 126 133
f 133 135 127
f 129 127 135
f 135 136 129
f 130 129 136
f 136 116 130
f 131 130 116
f 116 115 131
f 132 137 138
f 138 133 132
f 138 137 139
f 139 140 138
f 133 138 141
f 141 135 133
f 142 143 103
f 103 104 142
f 142 144 145
f 145 146 142
f 139 145 144
f 144 140 139
f 139 147 148
f 148 145 139
f 147 139 137
f 137 149 147
f 149 137 132
f 132 150 149
f 151 149 150
f 150 152 151
f 149 151 153
f 153 147 149
f 147 153 154
f 154 148 147
f 145 148 146
f 132 134 155
f 155 150 132
f 152 150 155
f 155 156 152
f 151 152 157
f 157 158 151
f 151 158 159
f 159 153 151
f 153 159 160
f 160 154 153
f 161 154 160
f 160 162 161
f 161 163 164
f 163 165 166
f 166 167 163
f 162 165 163
f 163 161 162
f 168 158 157
f 169 158 168
f 160 159 170
f 170 171 160
f 162 160 171
f 171 172 162
f 165 162 172
f 172 173 165
f 174 175 170
f 170 169 174
f 171 170 175
f 175 176 171
f 171 176 172
f 173 172 177
f 177 178 173
f 173 178 179
f 179 178 180
f 180 181 179
f 177 176 182
f 183 182 176
f 176 175 183
f 184 183 175
f 175 174 184
f 169 168 185
f 174 169 185
f 185 186 174
f 183 187 188
f 188 182 183
f 183 184 189
f 189 187 183
f 190 187 189
f 189 191 190
f 192 187 190
f 190 193 192
f 188 187 192
f 192 194 188
f 194 192 195
f 195 196 194
f 197 198 196
f 196 195 197
f 196 198 199
f 199 200 196
f 197 201 198
f 198 201 202
f 202 199 198
f 199 202 203
f 203 204 199
f 87 91 201
f 201 197 87
f 202 205 206
f 206 203 202
f 205 202 201
f 201 207 205
f 207 201 91
f 91 90 207
f 86 91 87
f 82 81 87
f 87 208 82
f 90 209 210
f 210 207 90
f 211 212 213
f 214 212 211
f 212 214 215
f 215 214 216
f 216 217 215
f 217 216 206
f 206 218 217
f 218 206 205
f 207 218 205
f 219 220 221
f 219 221 222
f 222 210 219
f 218 210 222
f 217 218 222
f 222 223 217
f 217 223 215
f 224 212 215
f 215 223 224
f 225 212 224
f 222 221 223
f 221 226 224
f 224 223 221
f 224 226 225
f 220 227 226
f 226 221 220
f 225 213 212
f 213 225 226
f 226 227 213
f 227 228 213
f 219 210 209
f 209 229 219
f 230 219 229
f 229 231 230
f 220 219 230
f 230 232 220
f 227 220 232
f 232 228 227
f 88 95 209
f 209 90 88
f 95 97 229
f 229 209 95
f 231 229 97
f 97 106 231
f 233 230 231
f 231 234 233
f 233 235 232
f 232 230 233
f 228 232 235
f 235 236 228
f 237 235 233
f 233 238 237
f 234 231 106
f 106 105 234
f 238 239 240
f 240 237 238
f 240 167 241
f 241 242 240
f 237 240 242
f 242 243 237
f 235 237 243
f 243 236 235
f 242 241 244
f 244 245 242
f 242 245 246
f 246 243 242
f 247 236 243
f 243 246 247
f 248 246 245
f 248 245 244
f 244 249 248
f 166 165 173
f 173 179 166
f 241 166 179
f 179 181 241
f 244 241 181
f 181 249 244
f 250 249 181
f 181 180 250
f 249 250 251
f 251 248 249
f 251 250 252
f 252 253 251
f 254 248 251
f 251 253 254
f 253 255 256
f 256 254 253
f 257 258 259
f 259 260 257
f 261 262 260
f 260 263 261
f 255 253 252
f 252 264 255
f 258 255 264
f 264 259 258
f 263 260 259
f 259 265 263
f 261 263 266
f 266 267 261
f 267 266 204
f 204 203 267
f 265 259 264
f 264 268 265
f 266 263 265
f 265 269 266
f 250 180 270
f 270 252 250
f 264 252 270
f 270 268 264
f 269 265 268
f 268 271 269
f 266 269 204
f 271 268 270
f 270 272 271
f 204 269 200
f 200 199 204
f 200 269 271
f 271 273 200
f 273 271 272
f 272 274 273
f 274 272 178
f 178 177 274
f 196 200 273
f 273 194 196
f 194 273 274
f 274 188 194
f 188 274 177
f 177 182 188
f 213 260 262
f 262 211 213
f 211 262 261
f 261 214 211
f 214 261 267
f 267 216 214
f 216 267 203
f 203 206 216
f 275 276 277
f 277 278 275
f 277 276 279
f 279 280 277
f 281 282 283
f 283 284 281
f 284 283 285
f 285 286 284
f 286 285 279
f 279 287 286
f 276 287 279
f 287 276 288
f 288 276 275
f 288 275 289
f 289 290 288
f 287 288 291
f 291 286 287
f 286 291 292
f 292 284 286
f 293 284 292
f 281 284 293
f 293 294 281
f 281 294 295
f 295 296 281
f 296 282 281
f 292 297 298
f 298 293 292
f 297 292 291
f 291 299 297
f 299 291 288
f 288 290 299
f 290 300 299
f 301 302 300
f 300 303 301
f 299 300 302
f 302 304 299
f 297 299 304
f 304 305 297
f 298 297 305
f 305 306 298
f 306 307 298
f 308 307 309
f 309 307 306
f 309 306 310
f 308 309 310
f 306 308 310
f 311 312 313
f 313 314 311
f 311 315 308
f 308 306 311
f 308 315 295
f 295 294 308
f 294 307 308
f 307 294 293
f 293 298 307
f 316 315 311
f 311 314 316
f 317 314 313
f 313 318 317
f 318 319 317
f 320 319 318
f 319 320 321
f 322 321 320
f 320 323 322
f 321 322 324
f 324 325 321
f 319 321 325
f 325 326 319
f 327 328 189
f 189 184 327
f 328 327 329
f 329 330 328
f 329 327 186
f 186 331 329
f 329 331 332
f 332 333 329
f 334 332 331
f 331 335 334
f 332 334 325
f 325 324 332
f 326 325 334
f 334 336 326
f 317 319 326
f 326 337 317
f 184 174 186
f 186 327 184
f 191 189 328
f 328 338 191
f 185 335 331
f 331 186 185
f 339 340 341
f 335 339 336
f 336 334 335
f 314 317 337
f 337 316 314
f 316 337 336
f 336 342 316
f 342 336 339
f 339 343 342
f 343 339 341
f 341 344 343
f 343 344 296
f 345 346 347
f 345 347 348
f 347 349 348
f 348 349 344
f 344 349 350
f 350 296 344
f 296 295 343
f 343 295 342
f 342 295 315
f 315 316 342
f 345 348 351
f 185 168 340
f 352 341 340
f 340 157 352
f 348 352 156
f 156 351 348
f 351 156 353
f 353 354 351
f 354 353 355
f 355 356 354
f 157 340 168
f 352 157 152
f 152 156 352
f 155 353 156
f 353 155 134
f 134 355 353
f 134 126 125
f 125 355 134
f 357 356 355
f 355 125 357
f 358 357 125
f 125 124 358
f 359 358 124
f 124 128 359
f 123 359 128
f 128 120 123
f 360 361 362
f 362 363 360
f 363 362 364
f 364 365 363
f 366 360 363
f 363 367 366
f 368 369 370
f 370 371 368
f 369 368 372
f 372 373 369
f 374 373 372
f 372 375 374
f 375 365 364
f 364 374 375
f 367 363 365
f 365 376 367
f 377 378 379
f 379 380 377
f 378 377 381
f 381 382 378
f 383 381 377
f 377 384 383
f 383 372 368
f 368 381 383
f 372 383 385
f 385 375 372
f 376 375 385
f 385 386 376
f 365 375 376
f 387 367 376
f 376 386 387
f 388 387 386
f 386 389 388
f 390 388 389
f 389 380 390
f 380 389 384
f 384 377 380
f 385 383 384
f 385 384 389
f 389 386 385
f 391 366 367
f 367 387 391
f 392 391 387
f 387 388 392
f 393 392 388
f 388 390 393
f 393 390 394
f 394 395 393
f 394 390 380
f 380 379 394
f 379 378 396
f 396 397 379
f 395 394 398
f 398 399 395
f 398 394 379
f 379 397 398
f 400 397 396
f 396 401 400
f 402 400 401
f 401 403 402
f 404 402 403
f 403 405 404
f 406 398 397
f 397 400 406
f 406 407 408
f 408 409 406
f 410 407 402
f 402 404 410
f 410 404 405
f 405 411 410
f 412 405 403
f 403 413 412
f 414 398 406
f 409 414 406
f 409 408 415
f 415 416 409
f 417 415 408
f 417 408 418
f 418 419 417
f 418 408 407
f 407 410 418
f 420 410 411
f 419 418 420
f 420 421 419
f 422 417 419
f 419 423 422
f 415 417 422
f 422 424 415
f 424 425 415
f 415 425 416
f 420 411 426
f 426 427 420
f 420 427 421
f 423 419 427
f 428 429 430
f 430 282 428
f 283 282 430
f 350 282 296
f 428 282 350
f 428 350 431
f 431 429 428
f 432 429 431
f 431 349 432
f 429 432 433
f 433 430 429
f 430 433 283
f 433 434 285
f 285 283 433
f 431 350 349
f 349 347 435
f 435 432 349
f 435 347 346
f 346 436 280
f 280 435 346
f 435 280 279
f 279 434 435
f 434 432 435
f 433 432 434
f 437 438 439
f 439 440 437
f 441 439 438
f 438 442 441
f 439 441 443
f 443 444 439
f 441 280 443
f 444 443 280
f 280 436 444
f 444 436 445
f 445 446 444
f 445 436 346
f 445 346 345
f 446 447 448
f 448 440 446
f 447 446 445
f 445 345 447
f 444 446 440
f 440 439 444
f 449 437 440
f 440 448 449
f 437 449 450
f 450 451 437
f 300 290 289
f 289 303 300
f 301 303 452
f 452 453 301
f 453 452 451
f 451 450 453
f 438 437 451
f 451 454 438
f 285 434 279
f 277 280 441
f 441 442 277
f 442 438 454
f 454 455 442
f 452 454 451
f 456 454 452
f 456 452 303
f 303 289 456
f 289 275 456
f 456 275 278
f 277 455 278
f 277 442 455
f 455 454 456
f 456 278 455
f 457 458 459
f 459 460 457
f 461 462 463
f 463 464 461
f 465 463 462
f 462 466 465
f 465 466 457
f 467 457 460
f 463 465 467
f 467 468 463
f 461 469 470
f 470 471 461
f 462 461 471
f 471 472 462
f 466 462 472
f 472 473 466
f 457 466 473
f 473 474 457
f 474 458 457
f 475 474 473
f 473 476 475
f 477 475 476
f 475 458 474
f 477 478 475
f 479 478 477
f 477 323 479
f 323 477 480
f 480 322 323
f 480 477 476
f 476 481 480
f 481 476 473
f 473 472 481
f 481 472 471
f 471 482 481
f 318 483 484
f 484 320 318
f 323 320 484
f 484 479 323
f 322 480 485
f 485 324 322
f 482 485 480
f 480 481 482
f 485 482 486
f 486 333 485
f 330 487 338
f 338 328 330
f 487 330 486
f 486 488 487
f 333 486 330
f 330 329 333
f 324 485 333
f 333 332 324
f 486 482 489
f 489 488 486
f 488 489 490
f 490 491 488
f 492 490 489
f 489 470 492
f 490 492 493
f 493 494 490
f 493 492 495
f 495 496 493
f 496 495 497
f 497 498 496
f 489 482 471
f 471 470 489
f 492 470 469
f 469 495 492
f 497 495 469
f 469 499 497
f 500 497 501
f 501 497 499
f 499 502 501
f 501 502 503
f 503 504 501
f 505 503 502
f 502 506 505
f 507 505 506
f 506 468 507
f 508 507 468
f 468 467 508
f 468 506 464
f 464 463 468
f 499 464 506
f 506 502 499
f 467 460 508
f 461 464 499
f 499 469 461
f 500 501 504
f 504 509 500
f 498 497 500
f 500 510 498
f 510 500 509
f 509 511 510
f 512 496 498
f 498 513 512
f 511 514 515
f 515 510 511
f 510 515 513
f 513 498 510
f 512 513 516
f 516 517 512
f 518 517 516
f 516 519 518
f 520 515 514
f 514 521 520
f 513 515 520
f 520 516 513
f 520 521 522
f 522 523 520
f 523 519 516
f 516 520 523
f 524 518 519
f 519 525 524
f 526 518 524
f 524 527 526
f 517 518 526
f 526 528 517
f 523 522 529
f 529 530 523
f 519 523 530
f 530 525 519
f 531 532 529
f 532 531 533
f 533 534 532
f 532 535 530
f 530 529 532
f 530 535 536
f 536 525 530
f 525 536 537
f 537 524 525
f 535 532 534
f 534 538 535
f 534 533 539
f 539 540 534
f 538 534 540
f 540 541 538
f 535 538 542
f 542 536 535
f 536 542 543
f 543 537 536
f 537 543 544
f 544 527 537
f 545 527 544
f 544 546 545
f 547 545 546
f 546 548 547
f 546 544 549
f 549 550 546
f 549 544 543
f 543 551 549
f 338 552 553
f 553 191 338
f 553 552 554
f 554 555 553
f 554 552 556
f 556 549 554
f 546 550 548
f 548 557 547
f 558 557 548
f 548 559 558
f 548 550 559
f 559 550 556
f 556 560 559
f 559 560 561
f 561 558 559
f 545 547 557
f 545 557 562
f 562 557 558
f 494 562 558
f 558 561 494
f 494 561 491
f 491 490 494
f 491 561 560
f 560 563 491
f 563 560 556
f 556 552 563
f 552 338 487
f 487 563 552
f 491 563 487
f 487 488 491
f 562 494 493
f 493 564 562
f 191 553 565
f 565 190 191
f 565 553 555
f 555 566 565
f 567 566 555
f 566 567 568
f 568 569 566
f 568 567 570
f 570 571 568
f 571 570 572
f 572 573 571
f 571 573 574
f 574 575 571
f 555 554 576
f 576 567 555
f 567 576 577
f 577 570 567
f 578 579 573
f 573 572 578
f 554 549 551
f 551 576 554
f 576 551 580
f 580 577 576
f 577 580 541
f 541 572 577
f 539 578 540
f 581 582 143
f 143 146 581
f 103 143 582
f 582 105 103
f 148 154 161
f 161 164 148
f 148 164 581
f 581 146 148
f 143 142 146
f 105 582 583
f 583 234 105
f 581 584 583
f 583 582 581
f 584 581 164
f 164 585 584
f 164 163 585
f 167 585 163
f 167 166 241
f 97 96 102
f 102 106 97
f 238 583 584
f 584 239 238
f 584 585 239
f 240 239 585
f 585 167 240
f 586 587 588
f 588 589 586
f 590 587 591
f 588 587 590
f 592 589 588
f 593 589 592
f 593 594 586
f 586 589 593
f 416 425 591
f 591 587 409
f 409 416 591
f 587 586 409
f 586 414 409
f 414 586 594
f 594 398 414
f 399 398 594
f 595 596 597
f 596 595 598
f 599 597 596
f 600 599 596
f 596 598 600
f 598 601 600
f 598 595 602
f 602 601 598
f 602 595 603
f 602 603 604
f 604 605 602
f 605 604 606
f 606 607 605
f 599 600 608
f 608 609 599
f 610 608 600
f 600 601 610
f 610 601 602
f 602 605 610
f 610 605 607
f 607 611 610
f 612 613 611
f 611 607 612
f 614 615 611
f 611 613 614
f 615 614 616
f 616 617 615
f 617 618 615
f 611 615 618
f 618 608 611
f 611 608 610
f 617 616 619
f 619 620 617
f 607 606 621
f 621 612 607
f 622 621 606
f 606 623 622
f 623 606 604
f 604 624 623
f 624 604 603
f 603 625 624
f 603 595 625
f 625 595 597
f 597 626 625
f 624 625 627
f 627 628 624
f 627 625 626
f 627 626 629
f 629 630 627
f 629 631 630
f 629 609 632
f 632 631 629
f 597 629 626
f 629 599 609
f 609 608 632
f 632 608 618
f 632 618 633
f 633 634 632
f 633 618 617
f 617 620 633
f 635 630 636
f 630 631 636
f 637 631 632
f 637 632 634
f 634 638 637
f 634 633 639
f 639 640 634
f 633 620 641
f 641 639 633
f 79 78 641
f 641 642 79
f 78 82 639
f 639 641 78
f 639 82 208
f 208 640 639
f 640 208 643
f 643 644 640
f 634 640 644
f 644 638 634
f 638 644 645
f 645 646 638
f 647 648 646
f 646 645 647
f 647 645 649
f 649 645 644
f 644 643 649
f 650 569 648
f 648 647 650
f 193 650 647
f 647 649 193
f 190 565 650
f 650 193 190
f 192 193 649
f 649 195 192
f 195 649 643
f 643 197 195
f 197 643 208
f 208 87 197
f 651 652 653
f 653 654 651
f 655 654 653
f 653 656 655
f 657 655 656
f 656 658 657
f 657 412 413
f 413 655 657
f 655 413 659
f 659 654 655
f 654 659 660
f 660 651 654
f 651 660 382
f 382 371 651
f 652 651 371
f 371 370 652
f 413 403 401
f 401 659 413
f 659 401 396
f 396 660 659
f 660 396 378
f 378 382 660
f 371 382 381
f 381 368 371
f 635 661 575
f 575 628 635
f 661 635 636
f 636 662 661
f 636 637 662
f 663 664 665
f 665 574 663
f 628 574 665
f 665 624 628
f 574 628 575
f 661 666 571
f 571 575 661
f 662 666 661
f 666 662 667
f 667 568 666
f 571 666 568
f 637 638 646
f 646 662 637
f 662 646 648
f 648 667 662
f 569 667 648
f 568 667 569
f 565 566 569
f 569 650 565
f 574 573 579
f 579 663 574
f 620 619 642
f 642 641 620
f 664 622 623
f 623 665 664
f 623 624 665
f 635 628 627
f 627 630 635
f 140 668 141
f 141 138 140
f 669 141 668
f 668 670 669
f 671 669 670
f 670 110 671
f 671 110 109
f 109 113 671
f 111 107 110
f 110 670 111
f 112 111 670
f 670 668 112
f 144 112 668
f 668 140 144
f 135 141 669
f 669 136 135
f 136 669 671
f 116 136 671
f 671 113 116
f 113 109 108
f 512 517 528
f 528 564 512
f 496 512 564
f 564 493 496
f 545 526 527
f 545 528 526
f 528 545 562
f 562 564 528
f 672 673 674
f 674 675 672
f 676 675 674
f 674 677 676
f 678 676 677
f 677 679 678
f 680 678 679
f 679 483 680
f 680 483 313
f 313 483 318
f 551 543 542
f 542 580 551
f 580 542 538
f 538 541 580
f 540 578 572
f 572 541 540
f 556 550 549
f 572 570 577
f 272 270 180
f 180 178 272
f 185 340 339
f 339 335 185
f 158 169 170
f 170 159 158
f 421 427 419
f 407 406 400
f 400 402 407
f 420 418 410
f 142 104 112
f 112 144 142
f 238 233 234
f 234 583 238
f 344 341 352
f 352 348 344
f 172 176 177
f 475 478 458
f 467 465 457
f 218 207 210
f 631 637 636
f 629 597 599
f 247 213 228
f 228 236 247
f 260 213 257
f 258 257 256
f 256 255 258
f 537 527 524
f 83 118 92
f 92 84 83
f 119 117 108
f 108 98 119
f 681 80 79
f 79 682 681
f 682 683 684
f 684 681 682
f 80 681 685
f 685 83 80
f 686 685 681
f 681 684 686
f 684 687 688
f 688 686 684
f 689 690 686
f 686 688 689
f 688 691 692
f 692 689 688
f 690 693 685
f 685 686 690
f 694 695 693
f 693 690 694
f 696 694 690
f 690 689 696
f 696 697 698
f 698 694 696
f 695 699 700
f 700 693 695
f 698 701 695
f 695 694 698
f 702 703 701
f 701 698 702
f 704 705 703
f 703 702 704
f 702 706 707
f 707 704 702
f 701 708 699
f 699 695 701
f 699 709 710
f 710 700 699
f 708 711 709
f 709 699 708
f 703 712 708
f 708 701 703
f 705 713 712
f 712 703 705
f 714 715 115
f 115 114 714
f 114 117 710
f 710 714 114
f 118 693 700
f 700 119 118
f 716 717 122
f 122 121 716
f 718 719 720
f 720 721 718
f 722 723 719
f 719 718 722
f 716 724 723
f 723 722 716
f 121 131 724
f 724 716 121
f 725 726 720
f 720 727 725
f 719 728 727
f 727 720 719
f 723 729 728
f 728 719 723
f 724 715 729
f 729 723 724
f 131 115 715
f 715 724 131
f 730 731 725
f 725 727 730
f 730 732 733
f 733 731 730
f 734 730 727
f 727 728 734
f 704 735 736
f 736 705 704
f 736 737 738
f 738 739 736
f 733 732 739
f 739 738 733
f 740 741 733
f 733 738 740
f 741 742 731
f 731 733 741
f 742 743 725
f 725 731 742
f 744 745 743
f 743 742 744
f 742 741 746
f 746 744 742
f 741 740 747
f 747 746 741
f 738 737 740
f 748 726 725
f 725 743 748
f 745 749 748
f 748 743 745
f 750 745 744
f 744 751 750
f 744 746 752
f 752 751 744
f 746 747 753
f 753 752 746
f 754 755 753
f 753 747 754
f 754 756 757
f 757 758 759
f 759 760 757
f 755 754 757
f 757 760 755
f 761 750 751
f 762 761 751
f 753 763 764
f 764 752 753
f 755 765 763
f 763 753 755
f 760 766 765
f 765 755 760
f 764 767 768
f 768 762 764
f 763 769 767
f 767 764 763
f 763 765 769
f 766 770 771
f 771 765 766
f 766 772 770
f 772 773 774
f 774 770 772
f 771 775 769
f 776 767 769
f 769 775 776
f 777 768 767
f 767 776 777
f 762 778 761
f 768 779 778
f 778 762 768
f 776 775 780
f 780 781 776
f 776 781 782
f 782 777 776
f 783 784 782
f 782 781 783
f 785 786 783
f 783 781 785
f 780 787 785
f 785 781 780
f 787 788 789
f 789 785 787
f 790 789 788
f 788 791 790
f 788 792 793
f 793 791 788
f 790 791 794
f 791 793 795
f 795 794 791
f 793 796 797
f 797 795 793
f 794 691 687
f 687 790 794
f 795 797 798
f 798 799 795
f 799 800 794
f 794 795 799
f 800 692 691
f 691 794 800
f 688 687 691
f 683 801 687
f 687 684 683
f 802 803 692
f 692 800 802
f 804 805 806
f 807 804 806
f 806 808 807
f 808 809 810
f 810 807 808
f 809 811 798
f 798 810 809
f 811 799 798
f 800 799 811
f 812 813 814
f 812 802 815
f 815 813 812
f 811 815 802
f 809 816 815
f 815 811 809
f 809 808 816
f 817 816 808
f 808 806 817
f 818 817 806
f 815 816 813
f 813 816 817
f 817 819 813
f 817 818 819
f 814 813 819
f 819 820 814
f 818 806 805
f 805 820 819
f 819 818 805
f 805 821 820
f 812 822 803
f 803 802 812
f 823 824 822
f 822 812 823
f 814 825 823
f 823 812 814
f 820 821 825
f 825 814 820
f 803 696 689
f 689 692 803
f 822 697 696
f 696 803 822
f 824 706 697
f 697 822 824
f 826 827 824
f 824 823 826
f 826 823 825
f 825 828 826
f 821 829 828
f 828 825 821
f 830 831 826
f 826 828 830
f 827 707 706
f 706 824 827
f 832 833 831
f 831 830 832
f 832 834 835
f 835 758 832
f 830 836 834
f 834 832 830
f 828 829 836
f 836 830 828
f 834 837 838
f 838 835 834
f 839 837 834
f 834 836 839
f 840 839 836
f 836 829 840
f 841 837 839
f 841 838 837
f 838 841 842
f 759 772 766
f 766 760 759
f 835 773 772
f 772 759 835
f 838 842 773
f 773 835 838
f 843 774 773
f 773 842 843
f 842 841 844
f 844 843 842
f 844 845 846
f 846 843 844
f 847 845 844
f 844 841 847
f 848 849 845
f 845 847 848
f 850 851 852
f 852 853 850
f 854 855 853
f 853 856 854
f 849 857 846
f 846 845 849
f 851 850 857
f 857 849 851
f 855 858 850
f 850 853 855
f 859 855 854
f 854 860 859
f 796 859 860
f 860 797 796
f 858 861 857
f 857 850 858
f 859 862 858
f 858 855 859
f 843 846 863
f 863 774 843
f 857 861 863
f 863 846 857
f 862 864 861
f 861 858 862
f 859 796 862
f 864 865 863
f 863 861 864
f 796 793 792
f 792 862 796
f 792 866 864
f 864 862 792
f 866 867 865
f 865 864 866
f 867 771 770
f 770 865 867
f 788 787 866
f 866 792 788
f 787 780 867
f 867 866 787
f 780 775 771
f 771 867 780
f 805 856 853
f 856 805 804
f 804 807 854
f 854 856 804
f 807 810 860
f 860 854 807
f 810 798 797
f 797 860 810
f 868 869 870
f 870 871 868
f 870 872 873
f 873 871 870
f 874 875 876
f 876 877 874
f 875 878 879
f 879 876 875
f 878 880 873
f 873 879 878
f 871 873 880
f 880 881 871
f 881 868 871
f 882 868 881
f 881 883 882
f 880 878 884
f 884 881 880
f 878 875 885
f 885 884 878
f 886 885 875
f 874 886 875
f 886 874 887
f 874 888 889
f 889 887 874
f 888 874 877
f 885 886 890
f 890 891 885
f 891 892 884
f 884 885 891
f 892 883 881
f 881 884 892
f 883 892 893
f 894 895 893
f 893 896 894
f 892 897 896
f 896 893 892
f 891 898 897
f 897 892 891
f 890 899 898
f 898 891 890
f 899 890 900
f 901 902 900
f 902 899 900
f 902 903 899
f 901 903 902
f 899 903 901
f 904 905 906
f 906 907 904
f 901 908 904
f 904 899 901
f 901 887 889
f 889 908 901
f 887 901 900
f 900 890 886
f 886 887 900
f 909 905 904
f 904 908 909
f 910 911 906
f 906 905 910
f 911 910 912
f 913 911 912
f 912 914 913
f 915 916 913
f 913 914 915
f 917 915 914
f 914 918 917
f 912 919 918
f 918 914 912
f 782 920 921
f 921 777 782
f 920 922 923
f 923 921 920
f 923 924 779
f 779 921 923
f 923 925 926
f 926 924 923
f 927 928 924
f 924 926 927
f 926 917 918
f 918 927 926
f 927 918 919
f 919 929 927
f 910 930 919
f 919 912 910
f 777 921 779
f 779 768 777
f 784 931 920
f 920 782 784
f 778 779 924
f 924 928 778
f 932 933 934
f 928 927 929
f 929 932 928
f 929 919 930
f 905 909 930
f 930 910 905
f 909 935 929
f 929 930 909
f 932 929 935
f 935 936 932
f 933 932 936
f 936 937 933
f 936 888 937
f 938 939 940
f 938 941 939
f 939 941 942
f 941 937 942
f 943 942 937
f 937 888 943
f 888 936 889
f 936 935 889
f 935 909 908
f 908 889 935
f 938 944 941
f 778 934 761
f 945 750 934
f 934 933 945
f 749 945 941
f 941 944 749
f 944 946 947
f 947 749 944
f 946 948 949
f 949 947 946
f 750 761 934
f 945 749 745
f 745 750 945
f 748 749 947
f 947 949 726
f 726 748 947
f 726 949 721
f 721 720 726
f 950 721 949
f 949 948 950
f 951 718 721
f 721 950 951
f 952 722 718
f 718 951 952
f 717 716 722
f 722 952 717
f 953 954 362
f 362 361 953
f 954 955 364
f 364 362 954
f 956 957 954
f 954 953 956
f 958 959 370
f 370 369 958
f 369 373 960
f 960 958 369
f 374 961 960
f 960 373 374
f 961 374 364
f 364 955 961
f 957 962 955
f 955 954 957
f 963 964 965
f 965 966 963
f 966 967 968
f 968 963 966
f 969 970 963
f 963 968 969
f 969 968 958
f 958 960 969
f 960 961 971
f 971 969 960
f 962 972 971
f 971 961 962
f 955 962 961
f 973 972 962
f 962 957 973
f 974 975 972
f 972 973 974
f 976 964 975
f 975 974 976
f 964 963 970
f 970 975 964
f 971 970 969
f 971 972 975
f 975 970 971
f 977 973 957
f 957 956 977
f 978 974 973
f 973 977 978
f 979 976 974
f 974 978 979
f 979 980 981
f 981 976 979
f 981 965 964
f 964 976 981
f 965 982 983
f 983 966 965
f 980 984 985
f 985 981 980
f 985 982 965
f 965 981 985
f 986 987 983
f 983 982 986
f 988 989 987
f 987 986 988
f 990 991 989
f 989 988 990
f 992 986 982
f 982 985 992
f 992 993 994
f 994 995 992
f 996 990 988
f 988 995 996
f 996 997 991
f 991 990 996
f 998 999 989
f 989 991 998
f 1000 992 985
f 993 992 1000
f 993 1001 1002
f 1002 994 993
f 1003 994 1002
f 1003 1004 1005
f 1005 994 1003
f 1005 996 995
f 995 994 1005
f 1006 997 996
f 1004 1007 1006
f 1006 1005 1004
f 1008 1009 1004
f 1004 1003 1008
f 1002 1010 1008
f 1008 1003 1002
f 1010 1002 1011
f 1002 1001 1011
f 1006 1012 1013
f 1013 997 1006
f 1006 1007 1012
f 1009 1012 1004
f 1014 877 1015
f 1015 1016 1014
f 876 1015 877
f 943 888 877
f 1014 943 877
f 1014 1016 1017
f 1017 943 1014
f 1018 942 1017
f 1017 1016 1018
f 1019 1018 1016
f 1016 1015 1019
f 1015 876 1019
f 879 1020 1019
f 1019 876 879
f 1017 942 943
f 1021 939 942
f 942 1018 1021
f 1021 940 939
f 872 1022 940
f 940 1021 872
f 873 872 1021
f 1021 1020 873
f 1020 1021 1018
f 1019 1020 1018
f 1023 1024 1025
f 1025 1026 1023
f 1027 1028 1026
f 1026 1025 1027
f 1025 1029 1030
f 1030 1027 1025
f 1027 1030 872
f 1029 1022 872
f 872 1030 1029
f 1029 1031 1032
f 1032 1022 1029
f 1032 940 1022
f 1032 938 940
f 1031 1024 1033
f 1033 1034 1031
f 1032 1031 1034
f 1034 938 1032
f 1029 1025 1024
f 1024 1031 1029
f 1035 1033 1024
f 1024 1023 1035
f 1023 1036 1037
f 1037 1035 1023
f 893 895 882
f 882 883 893
f 894 1038 1039
f 1039 895 894
f 1038 1037 1036
f 1036 1039 1038
f 1026 1040 1036
f 1036 1023 1026
f 879 873 1020
f 870 1027 872
f 1027 870 1028
f 1028 1041 1040
f 1040 1026 1028
f 1039 1036 1040
f 1042 1039 1040
f 1042 882 895
f 895 1039 1042
f 882 1042 868
f 1042 869 868
f 870 869 1041
f 870 1041 1028
f 1041 869 1042
f 1042 1040 1041
f 1043 460 459
f 459 1044 1043
f 1045 1046 1047
f 1047 1048 1045
f 1049 1050 1048
f 1048 1047 1049
f 1049 1043 1050
f 1051 460 1043
f 1047 1052 1051
f 1051 1049 1047
f 1045 1053 1054
f 1054 1055 1045
f 1048 1056 1053
f 1053 1045 1048
f 1050 1057 1056
f 1056 1048 1050
f 1043 1058 1057
f 1057 1050 1043
f 1058 1043 1044
f 1059 1060 1057
f 1057 1058 1059
f 1061 1060 1059
f 1059 1058 1044
f 1061 1059 1062
f 1063 916 1061
f 1061 1062 1063
f 916 915 1064
f 1064 1061 916
f 1064 1065 1060
f 1060 1061 1064
f 1065 1056 1057
f 1057 1060 1065
f 1065 1066 1053
f 1053 1056 1065
f 911 913 1067
f 1067 1068 911
f 916 1063 1067
f 1067 913 916
f 915 917 1069
f 1069 1064 915
f 1066 1065 1064
f 1064 1069 1066
f 1069 925 1070
f 1070 1066 1069
f 922 920 931
f 931 1071 922
f 1071 1072 1070
f 1070 922 1071
f 925 923 922
f 922 1070 925
f 917 926 925
f 925 1069 917
f 1073 1066 1070
f 1070 1072 1073
f 1072 1074 1075
f 1075 1073 1072
f 1076 1054 1073
f 1073 1075 1076
f 1075 1077 1078
f 1078 1076 1075
f 1078 1079 1080
f 1080 1076 1078
f 1079 1081 1082
f 1082 1080 1079
f 1073 1054 1053
f 1053 1066 1073
f 1055 1054 1076
f 1076 1080 1055
f 1082 1083 1055
f 1055 1080 1082
f 1084 1085 1082
f 1085 1086 1083
f 1083 1082 1085
f 1085 504 503
f 503 1086 1085
f 505 1087 1086
f 1086 503 505
f 507 1052 1087
f 1087 505 507
f 508 1051 1052
f 1052 507 508
f 1052 1047 1046
f 1046 1087 1052
f 1083 1086 1087
f 1087 1046 1083
f 1051 508 460
f 1045 1055 1083
f 1083 1046 1045
f 1084 509 504
f 504 1085 1084
f 1081 1088 1084
f 1084 1082 1081
f 1088 511 509
f 509 1084 1088
f 1089 1090 1081
f 1081 1079 1089
f 511 1088 1091
f 1091 514 511
f 1088 1081 1090
f 1090 1091 1088
f 1089 1092 1093
f 1093 1090 1089
f 1094 1095 1093
f 1093 1092 1094
f 1096 521 514
f 514 1091 1096
f 1090 1093 1096
f 1096 1091 1090
f 1096 1097 522
f 522 521 1096
f 1097 1096 1093
f 1093 1095 1097
f 1098 1099 1095
f 1095 1094 1098
f 1100 1101 1098
f 1098 1094 1100
f 1092 1102 1100
f 1100 1094 1092
f 1097 1103 529
f 529 522 1097
f 1095 1099 1103
f 1103 1097 1095
f 529 1104 531
f 1104 1105 533
f 533 531 1104
f 1103 1106 1104
f 1104 529 1103
f 1103 1099 1107
f 1107 1106 1103
f 1099 1098 1108
f 1108 1107 1099
f 1106 1109 1105
f 1105 1104 1106
f 1105 1110 539
f 539 533 1105
f 1109 1111 1110
f 1110 1105 1109
f 1106 1107 1112
f 1112 1109 1106
f 1107 1108 1113
f 1113 1112 1107
f 1108 1101 1114
f 1114 1113 1108
f 1115 1116 1114
f 1114 1101 1115
f 1117 1118 1116
f 1116 1115 1117
f 1116 1119 1120
f 1120 1114 1116
f 1120 1121 1113
f 1113 1114 1120
f 931 784 1122
f 1122 1123 931
f 1122 1124 1125
f 1125 1123 1122
f 1125 1120 1126
f 1126 1123 1125
f 1116 1118 1119
f 1118 1117 1127
f 1128 1118 1127
f 1118 1128 1129
f 1118 1129 1119
f 1129 1130 1126
f 1126 1119 1129
f 1129 1128 1131
f 1131 1130 1129
f 1115 1127 1117
f 1115 1132 1127
f 1132 1128 1127
f 1077 1131 1128
f 1128 1132 1077
f 1077 1075 1074
f 1074 1131 1077
f 1074 1133 1130
f 1130 1131 1074
f 1133 1123 1126
f 1126 1130 1133
f 1071 931 1123
f 1123 1133 1071
f 1074 1072 1071
f 1071 1133 1074
f 1132 1134 1078
f 1078 1077 1132
f 1135 1122 784
f 784 783 1135
f 1135 1136 1124
f 1124 1122 1135
f 1137 1124 1136
f 1136 1138 1139
f 1139 1137 1136
f 1139 1140 1141
f 1141 1137 1139
f 1142 1141 1140
f 1140 1143 1142
f 1140 1144 1145
f 1145 1143 1140
f 1124 1137 1146
f 1146 1125 1124
f 1137 1141 1147
f 1147 1146 1137
f 578 1142 1143
f 1143 579 578
f 1125 1146 1121
f 1121 1120 1125
f 1146 1147 1148
f 1148 1121 1146
f 1147 1142 1111
f 1111 1148 1147
f 539 1110 578
f 1149 737 735
f 735 1150 1149
f 704 707 1150
f 1150 735 704
f 740 756 754
f 754 747 740
f 740 737 1149
f 1149 756 740
f 735 737 736
f 707 827 1151
f 1151 1150 707
f 1149 1150 1151
f 1151 1152 1149
f 1152 1153 756
f 756 1149 1152
f 756 1153 757
f 758 757 1153
f 758 835 759
f 697 706 702
f 702 698 697
f 831 833 1152
f 1152 1151 831
f 1152 833 1153
f 832 758 1153
f 1153 833 832
f 1154 1155 1156
f 1156 1157 1154
f 1158 1159 1155
f 1154 1158 1155
f 1160 1154 1157
f 1161 1160 1157
f 1156 1162 1161
f 1161 1157 1156
f 1001 1159 1011
f 993 1155 1159
f 1159 1001 993
f 1155 993 1156
f 1156 993 1000
f 1000 1162 1156
f 1162 1000 985
f 984 1162 985
f 1163 1164 1165
f 1165 1166 1163
f 1167 1165 1164
f 1168 1166 1165
f 1165 1167 1168
f 1166 1168 1169
f 1170 1163 1166
f 1166 1169 1170
f 1170 1171 1163
f 1170 1172 1173
f 1173 1171 1170
f 1172 1174 1175
f 1175 1173 1172
f 1167 1176 1177
f 1177 1168 1167
f 1178 1169 1168
f 1168 1177 1178
f 1178 1172 1170
f 1170 1169 1178
f 1174 1172 1178
f 1178 1179 1174
f 1179 613 612
f 612 1174 1179
f 614 613 1179
f 1179 1180 614
f 1180 1181 616
f 616 614 1180
f 1181 1180 1182
f 1179 1177 1182
f 1182 1180 1179
f 1179 1178 1177
f 1181 1183 619
f 619 616 1181
f 1174 612 621
f 621 1175 1174
f 622 1184 1175
f 1175 621 622
f 1184 1185 1173
f 1173 1175 1184
f 1185 1186 1171
f 1171 1173 1185
f 1171 1186 1163
f 1164 1163 1186
f 1186 1187 1164
f 1185 1188 1189
f 1189 1186 1185
f 1189 1187 1186
f 1190 1187 1189
f 1189 1191 1190
f 1190 1191 1192
f 1193 1176 1190
f 1190 1192 1193
f 1164 1187 1190
f 1190 1176 1167
f 1176 1193 1177
f 1193 1182 1177
f 1193 1194 1195
f 1195 1182 1193
f 1195 1183 1181
f 1181 1182 1195
f 1196 1197 1191
f 1191 1197 1192
f 1198 1193 1192
f 1198 1199 1194
f 1194 1193 1198
f 1194 1200 1201
f 1201 1195 1194
f 1202 1183 1195
f 1195 1201 1202
f 79 642 1202
f 1202 682 79
f 1201 683 682
f 682 1202 1201
f 1201 1200 801
f 801 683 1201
f 1203 801 1200
f 1200 1204 1203
f 1194 1199 1204
f 1204 1200 1194
f 1199 1205 1206
f 1206 1204 1199
f 1207 1206 1205
f 1205 1208 1207
f 1207 1209 1206
f 1204 1206 1209
f 1209 1203 1204
f 1210 1207 1208
f 1208 1138 1210
f 786 1209 1207
f 1207 1210 786
f 783 786 1210
f 1210 1135 783
f 785 789 1209
f 1209 786 785
f 789 790 1203
f 1203 1209 789
f 790 687 801
f 801 1203 790
f 1211 1212 653
f 653 652 1211
f 1213 656 653
f 653 1212 1213
f 1214 658 656
f 656 1213 1214
f 1214 1213 999
f 999 998 1214
f 1213 1212 1215
f 1215 999 1213
f 1212 1211 1216
f 1216 1215 1212
f 1211 959 967
f 967 1216 1211
f 652 370 959
f 959 1211 652
f 999 1215 987
f 987 989 999
f 1215 1216 983
f 983 987 1215
f 1216 967 966
f 966 983 1216
f 959 958 968
f 968 967 959
f 1144 1217 1196
f 1196 1188 1144
f 1217 1218 1197
f 1197 1196 1217
f 1197 1218 1198
f 663 1145 1219
f 1219 664 663
f 1188 1185 1219
f 1219 1145 1188
f 1145 1144 1188
f 1140 1220 1217
f 1217 1144 1140
f 1218 1217 1220
f 1220 1139 1221
f 1221 1218 1220
f 1140 1139 1220
f 1198 1218 1205
f 1205 1199 1198
f 1218 1221 1208
f 1208 1205 1218
f 1138 1208 1221
f 1139 1138 1221
f 1135 1210 1138
f 1138 1136 1135
f 1145 663 579
f 579 1143 1145
f 642 619 1183
f 1183 1202 642
f 664 1219 1184
f 1184 622 664
f 1184 1219 1185
f 1196 1191 1189
f 1189 1188 1196
f 732 730 734
f 734 1222 732
f 1223 1224 1222
f 1222 734 1223
f 1225 711 1224
f 1224 1223 1225
f 1225 714 709
f 709 711 1225
f 712 1224 711
f 711 708 712
f 713 1222 1224
f 1224 712 713
f 739 732 1222
f 1222 713 739
f 728 729 1223
f 1223 734 728
f 729 1225 1223
f 715 714 1225
f 1225 729 715
f 714 710 709
f 1089 1134 1102
f 1102 1092 1089
f 1079 1078 1134
f 1134 1089 1079
f 1115 1101 1100
f 1115 1100 1102
f 1132 1115 1102
f 1102 1134 1132
f 672 1226 1227
f 1227 673 672
f 1228 1229 1227
f 1227 1226 1228
f 1230 1231 1229
f 1229 1228 1230
f 1232 1068 1231
f 1231 1230 1232
f 1232 906 1068
f 906 911 1068
f 1121 1148 1112
f 1112 1113 1121
f 1148 1111 1109
f 1109 1112 1148
f 1142 578 1110
f 1110 1111 1142
f 1126 1120 1119
f 1142 1147 1141
f 865 770 774
f 774 863 865
f 778 928 932
f 932 934 778
f 764 762 751
f 751 752 764
f 1007 1004 1012
f 995 988 986
f 986 992 995
f 1006 996 1005
f 736 739 713
f 713 705 736
f 831 1151 827
f 827 826 831
f 945 933 937
f 937 941 945
f 765 771 769
f 1059 1044 1062
f 1051 1043 1049
f 811 802 800
f 1192 1197 1198
f 1190 1167 1164
f 840 829 821
f 821 805 840
f 853 852 805
f 851 849 848
f 848 1233 851
f 1233 852 851
f 1108 1098 1101
f 83 685 693
f 693 118 83
f 710 117 119
f 119 700 710
f 336 337 326
f 1233 1234 839
f 839 840 1233
f 1234 1235 841
f 841 839 1234
f 852 1233 840
f 840 805 852
f 254 256 247
f 247 246 254
f 251 254 246
f 246 248 251
f 256 257 213
f 213 247 256
f 1236 1237 1238
f 1239 1238 1237
